%YAML:1.0
---
ArmTipToMarkerTagTransform: !!opencv-matrix
   rows: 4
   cols: 4
   dt: d
   data: [ 2.2121678339718676e-02, -4.4720331384625667e-02,
       9.9875458612628321e-01, 3.3213526434095242e-01,
       -9.9944642072371126e-01, 2.3841192713000670e-02,
       2.3204517503795374e-02, 1.6292604620693549e-01,
       -2.4849214273220122e-02, -9.9871501915755267e-01,
       -4.4168167939510283e-02, -7.2045248569492279e-02, 0., 0., 0., 1. ]